1939
1938
1930
1937
1939
1928
1916
1914
1910
1908
1906
1897
1894
1889
1886
1885
1879
1882
1875
1879
1858
1850
1844
1868
1832
1820
1816
1822
1814
1809
1822
1808
1811
1816
1810
1810
1810
1801
1807
1811
1807
1805
1813
1823
1844
1830
1833
1837
1838
1849
1844
1855
1858
1862
1864
1863
1866
1879
1892
1865
1903
1909
1922
1927
1919
1928
1935
1932
1932
1925
1930
1927
1934
1936
1935
1933
1933
1934
1939
1929
1911
1913
1911
1908
1906
1902
1894
1894
1885
1887
1848
1886
1877
1875
1867
1853
1843
1842
1825
1823
1813
1821
1820
1806
1811
1800
1809
1808
1814
1810
1808
1807
1805
1809
1809
1800
1812
1820
1831
1833
1836
1838
1846
1847
1847
1855
1859
1875
1863
1864
1865
1873
1885
1897
1901
1896
1916
1927
1924
1924
1934
1934
1930
1938
1932
1928
1930
1935
1934
1935
1935
1933
1905
1936
1925
1918
1913
1910
1907
1902
1898
1890
1870
1887
1882
1881
1878
1877
1880
1861
1844
1843
1836
1830
1818
1817
1821
1808
1808
1836
1809
1810
1814
1812
1808
1809
1802
1806
1814
1806
1816
1820
1824
1834
1834
1837
1842
1844
1851
1854
1857
1859
1863
1866
1868
1868
1880
1895
1898
1906
1910
1918
1927
1922
1898
1936
1939
1932
1935
1929
1929
1933
1934
1933
1936
1928
1936
1936
1930
1926
1919
1905
1907
1904
1902
1893
1889
1887
1882
1884
1896
1876
1876
1865
1848
1846
1840
1835
1822
1816
1819
1817
1808
1810
1847
1810
1812
1813
1810
1808
1806
1807
1812
1807
1806
1814
1818
1830
1833
1831
1832
1845
1839
1857
1858
1860
1825
1863
1867
1870
1876
1890
1896
1902
1908
1920
1919
1923
1925
1937
1932
1923
1931
1934
1926
1932
1933
1936
1936
1933
1933
1940
1931
1925
1911
1911
1907
1905
1904
1897
1892
1895
1884
1878
1883
1872
1873
1868
1856
1845
1842
1834
1826
1816
1818
1820
1802
1809
1811
1809
1809
1815
1811
1809
1811
1805
1809
1807
1805
1810
1816
1828
1830
1834
1838
1840
1844
1850
1854
1857
1861
1864
1849
1871
1872
1885
1898
1899
1906
1911
1924
1926
1920
1931
1937
1932
1933
1933
1925
1929
1935
1921
1936
1938
1930
1939
1935
1930
1920
1913
1909
1905
1901
1900
1894
1888
1884
1884
1879
1858
1874
1872
1862
1841
1849
1839
1829
1817
1819
1824
1848
1806
1809
1810
1809
1815
1814
1801
1812
1810
1807
1815
1808
1807
1823
1823
1828
1836
1843
1839
1844
1845
1854
1857
1862
1863
1863
1868
1870
1880
1892
1897
1903
1906
1923
1924
1908
1932
1937
1932
1932
1934
1928
1927
1935
1931
1933
1964
1932
1937
1935
1930
1922
1909
1911
1902
1904
1899
1895
1890
1887
1880
1879
1879
1866
1874
1866
1854
1845
1844
1836
1833
1814
1820
1819
1802
1818
1813
1814
1810
1815
1808
1810
1809
1808
1811
1808
1804
1811
1820
1826
1832
1834
1837
1842
1844
1853
1850
1850
1863
1866
1864
1867
1877
1885
1899
1900
1908
1919
1927
1924
1923
1933
1930
1934
1933
1934
1927
1931
1938
1932
1937
1938
1933
1940
1934
1925
1917
1914
1908
1908
1901
1898
1894
1886
1887
1884
1880
1882
1876
1864
1861
1847
1849
1836
1829
1817
1811
1822
1810
1809
1809
1810
1810
1815
1779
1809
1809
1820
1812
1815
1802
1808
1816
1824
1831
1834
1834
1840
1843
1849
1853
1859
1847
1863
1865
1865
1868
1882
1897
1898
1904
1914
1926
1930
1924
1932
1936
1926
1930
1933
1928
1928
1935
1936
1932
1935
1931
1950
1949
1928
1921
1913
1910
1907
1903
1889
1892
1891
1884
1882
1879
1878
1882
1874
1866
1848
1845
1831
1829
1810
1818
1823
1815
1807
1810
1810
1805
1813
1816
1809
1802
1808
1808
1810
1808
1806
1814
1834
1826
1828
1832
1835
1840
1847
1853
1845
1860
1863
1865
1865
1868
1876
1890
1899
1902
1908
1926
1928
1919
1927
1937
1934
1933
1934
1932
1928
1929
1917
1938
1938
1930
1936
1940
1933
1925
1915
1912
1912
1867
1902
1896
1892
1888
1884
1882
1881
1876
1875
1868
1857
1846
1843
1834
1826
1816
1820
1817
1809
1809
1809
1812
1811
1817
1811
1808
1808
1807
1808
1808
1786
1810
1819
1826
1829
1835
1837
1852
1848
1849
1854
1860
1857
1865
1865
1867
1872
1884
1898
1899
1908
1915
1911
1924
1922
1928
1936
1931
1934
1934
1927
1968
1936
1932
1934
1937
1930
1937
1937
1928
1918
1914
1909
1906
1903
1897
1892
1890
1884
1889
1891
1872
1877
1886
1863
1846
1847
1838
1829
1822
1817
1821
1778
1810
1812
1808
1822
1812
1814
1796
1810
1808
1806
1813
1808
1807
1814
1825
1829
1832
1836
1837
1844
1849
1854
1859
1861
1861
1879
1871
1872
1880
1892
1898
1904
1910
1923
1928
1920
1934
1936
1932
1931
1936
1932
1927
1960
1933
1942
1932
1930
1940
1938
1932
1922
1915
1909
1907
1906
1902
1895
1887
1887
1881
1879
1879
1877
1872
1866
1846
1843
1842
1834
1822
1816
1821
1815
1807
1812
1812
1812
1812
1813
1812
1806
1810
1806
1810
1810
1814
1809
1816
1827
1832
1813
1837
1840
1849
1852
1855
1859
1876
1864
1868
1866
1879
1887
1899
1909
1905
1916
1916
1922
1923
1941
1932
1932
1934
1925
1927
1932
1935
1936
1935
1936
1917
1900
1935
1924
1904
1914
1912
1902
1904
1896
1892
1887
1883
1884
1870
1878
1875
1871
1858
1846
1845
1837
1829
1817
1808
1816
1807
1808
1810
1807
1812
1815
1812
1810
1810
1802
1807
1811
1808
1808
1816
1825
1831
1833
1840
1844
1842
1842
1858
1860
1861
1862
1867
1866
1867
1883
1896
1900
1905
1915
1926
1925
1918
1933
1961
1930
1934
1930
1930
1930
1934
1924
1935
1937
1933
1935
1933
1929
1919
1914
1910
1906
1903
1900
1892
1901
1884
1879
1879
1878
1876
1874
1863
1847
1846
1833
1833
1819
1816
1824
1814
1805
1812
1810
1810
1827
1814
1805
1810
1809
1807
1810
1808
1805
1813
1821
1831
1830
1837
1837
1840
1847
1854
1857
1860
1863
1864
1889
1871
1878
1891
1895
1903
1908
1919
1928
1920
1925
1938
1933
1956
1932
1930
1928
1932
1934
1937
1942
1934
1936
1937
1931
1923
1915
1916
1907
1904
1902
1897
1891
1887
1873
1881
1878
1878
1877
1871
1853
1841
1844
1833
1823
1818
1822
1819
1805
1808
1810
1809
1814
1815
1809
1809
1811
1809
1807
1821
1774
1812
1820
1826
1830
1834
1858
1840
1846
1851
1855
1858
1863
1874
1867
1867
1872
1884
1896
1896
1901
1916
1929
1921
1921
1933
1936
1932
1931
1931
1927
1899
1935
1933
1940
1936
1934
1934
1934
1926
1922
1910
1909
1907
1917
1897
1892
1879
1884
1880
1879
1881
1876
1872
1862
1846
1845
1839
1827
1818
1818
1826
1816
1804
1812
1810
1809
1816
1814
1809
1812
1808
1801
1813
1803
1808
1815
1823
1831
1832
1834
1826
1843
1849
1855
1856
1862
1864
1865
1866
1871
1879
1900
1898
1903
1923
1924
1930
1920
1930
1937
1936
1936
1942
1932
1928
1935
1934
1935
1935
1929
1939
1939
1928
1921
1914
1909
1901
1904
1900
1894
1891
1896
1884
1878
1879
1878
1875
1858
1850
1845
1842
1836
1823
1815
1819
1818
1806
1808
1810
1810
1812
1820
1813
1805
1808
1808
1812
1808
1805
1817
1822
1829
1833
1821
1837
1842
1847
1828
1854
1859
1863
1860
1864
1866
1874
1890
1898
1900
1909
1921
1928
1924
1944
1935
1933
1932
1934
1932
1926
1934
1936
1930
1940
1934
1932
1942
1935
1923
1915
1909
1910
1903
1901
1896
1892
1877
1886
1882
1879
1878
1875
1867
1859
1844
1841
1837
1825
1819
1817
1821
1808
1810
1811
1806
1807
1814
1810
1806
1808
1805
1806
1813
1816
1794
1816
1825
1833
1824
1833
1840
1846
1853
1855
1858
1862
1863
1866
1867
1873
1881
1898
1898
1906
1911
1938
1922
1918
1930
1936
1933
1935
1937
1929
1928
1935
1936
1935
1937
1928
1937
1936
1928
1921
1916
1908
1917
1905
1899
1894
1890
1888
1883
1879
1877
1877
1871
1867
1873
1880
1839
1832
1818
1817
1831
1815
1807
1812
1811
1806
1813
1817
1810
1807
1809
1805
1814
1808
1805
1813
1828
1828
1831
1842
1823
1849
1849
1860
1858
1858
1903
1854
1865
1869
1876
1886
1898
1904
1912
1921
1927
1922
1932
1936
1933
1933
1934
1931
1929
1942
1935
1935
1937
1933
1934
1938
1932
1923
1916
1910
1907
1946
1900
1896
1893
1881
1884
1881
1880
1880
1876
1872
1860
1844
1842
1825
1822
1817
1821
1816
1810
1811
1811
1811
1809
1813
1802
1806
1809
1807
1808
1810
1804
1825
1819
1828
1832
1835
1838
1840
1848
1851
1857
1861
1880
1863
1867
1864
1868
1884
1898
1905
1897
1916
1926
1923
1925
1934
1934
1929
1933
1934
1931
1930
1933
1943
1934
1940
1934
1937
1936
1928
1920
1912
1910
1906
1904
1890
1894
1889
1883
1883
1881
1878
1869
1871
1868
1848
1842
1836
1828
1813
1820
1822
1847
1784
1811
1809
1810
1812
1814
1811
1826
1808
1808
1809
1806
1808
1818
1823
1830
1834
1836
1837
1843
1849
1853
1859
1860
1863
1867
1866
1870
1881
1893
1898
1906
1902
1925
1928
1919
1932
1938
1936
1908
1933
1930
1928
1933
1935
1934
1938
1932
1936
1938
1906
1922
1914
1911
1903
1905
1900
1894
1891
1887
1882
1844
1878
1877
1872
1863
1851
1847
1822
1832
1820
1817
1826
1813
1807
1810
1810
1810
1813
1820
1812
1809
1809
1806
1810
1810
1823
1807
1820
1828
1832
1835
1877
1845
1847
1843
1856
1860
1860
1863
1848
1868
1876
1889
1897
1898
1907
1922
1929
1921
1926
1938
1934
1926
1936
1930
1930
1935
1925
1933
1935
1937
1933
1976
1933
1924
1916
1912
1910
1928
1901
1898
1892
1878
1881
1881
1874
1877
1881
1868
1856
1847
1844
1836
1816
1815
1820
1822
1808
1809
1809
1810
1810
1813
1782
1810
1803
1808
1807
1811
1805
1808
1820
1826
1832
1832
1836
1841
1843
1849
1853
1861
1866
1865
1866
1865
1876
1884
1896
1898
1906
1913
1925
1926
1913
1974
1937
1933
1933
1931
1928
1931
1934
1936
1932
1932
1936
1940
1936
1917
1920
1913
1909
1906
1904
1899
1893
1891
1887
1882
1880
1878
1878
1874
1860
1848
1818
1838
1826
1818
1816
1823
1816
1806
1812
1809
1810
1814
1810
1820
1810
1809
1807
1814
1808
1807
1816
1822
1830
1830
1818
1839
1842
1849
1850
1858
1863
1827
1865
1865
1868
1878
1892
1896
1892
1912
1922
1927
1921
1926
1935
1934
1906
1936
1912
1928
1930
1930
1935
1935
1935
1936
1936
1924
1922
1919
1905
1908
1906
1902
1896
1890
1889
1883
1880
1878
1878
1875
1861
1853
1845
1841
1836
1824
1814
1822
1817
1812
1810
1811
1808
1814
1816
1809
1807
1809
1809
1809
1806
1843
1843
1819
1828
1832
1834
1847
1845
1842
1850
1855
1860
1865
1865
1865
1866
1873
1885
1899
1888
1908
1916
1922
1909
1919
1939
1921
1926
1929
1933
1925
1958
1935
1935
1936
1938
1934
1938
1934
1928
1918
1912
1910
1906
1906
1895
1917
1887
1883
1880
1880
1875
1876
1864
1860
1845
1846
1836
1830
1818
1821
1823
1811
1807
1814
1806
1813
1815
1810
1808
1804
1808
1810
1814
1803
1804
1815
1823
1831
1833
1835
1838
1845
1851
1853
1850
1830
1862
1868
1866
1869
1881
1897
1865
1903
1904
1937
1930
1922
1930
1936
1930
1934
1922
1929
1937
1935
1943
1936
1940
1921
1937
1939
1932
1921
1914
1910
1934
1904
1901
1895
1888
1887
1883
1923
1873
1877
1875
1858
1849
1844
1841
1832
1820
1817
1821
1816
1806
1810
1810
1808
1814
1814
1810
1810
1805
1827
1810
1809
1805
1811
1821
1829
1812
1833
1837
1843
1847
1854
1856
1860
1862
1866
1866
1869
1873
1882
1894
1900
1910
1917
1950
1922
1924
1937
1931
1930
1936
1932
1928
1931
1935
1934
1937
1931
1929
1933
1932
1925
1916
1910
1900
1906
1901
1896
1886
1887
1883
1861
1881
1877
1876
1886
1859
1842
1846
1829
1826
1815
1816
1822
1810
1809
1813
1810
1810
1814
1812
1809
1809
1797
1807
