1951
1932
1935
1951
1914
1949
1936
1919
1906
1895
1905
1917
1905
1895
1880
1878
1879
1873
1881
1876
1883
1869
1850
1825
1832
1829
1819
1789
1821
1837
1800
1792
1827
1809
1801
1815
1817
1820
1800
1806
1798
1814
1792
1803
1826
1837
1838
1838
1836
1845
1850
1861
1861
1865
1865
1868
1865
1871
1871
1912
1908
1926
1902
1923
1957
1935
1903
1913
1967
1932
1927
1937
1926
1906
1944
1940
1934
1942
1941
1940
1943
1918
1909
1893
1902
1905
1909
1891
1891
1884
1876
1876
1874
1879
1872
1872
1861
1842
1808
1815
1827
1795
1801
1825
1839
1775
1809
1821
1801
1812
1837
1802
1796
1813
1798
1805
1829
1791
1810
1827
1839
1839
1845
1845
1858
1845
1862
1861
1868
1862
1868
1870
1872
1872
1901
1918
1909
1913
1933
1949
1902
1906
1958
1943
1924
1940
1932
1914
1929
1946
1934
1932
1942
1903
1955
1934
1915
1898
1898
1904
1900
1891
1892
1879
1880
1875
1880
1887
1875
1875
1865
1847
1814
1830
1831
1815
1789
1821
1828
1785
1787
1819
1809
1801
1824
1814
1795
1802
1813
1796
1828
1786
1811
1829
1856
1837
1837
1839
1843
1850
1868
1860
1863
1855
1865
1869
1868
1874
1894
1915
1915
1906
1920
1956
1937
1910
1936
1960
1916
1933
1941
1924
1924
1943
1939
1935
1941
1935
1949
1941
1915
1904
1900
1901
1895
1899
1898
1887
1893
1873
1869
1871
1875
1871
1877
1870
1847
1813
1835
1814
1782
1808
1829
1824
1771
1817
1817
1801
1813
1809
1793
1799
1809
1815
1807
1812
1794
1820
1831
1842
1838
1845
1847
1848
1848
1861
1864
1859
1867
1871
1874
1862
1877
1902
1936
1903
1886
1940
1942
1916
1907
1963
1941
1919
1947
1931
1907
1927
1948
1936
1935
1934
1906
1953
1929
1917
1900
1896
1901
1908
1885
1896
1883
1885
1874
1874
1873
1877
1873
1867
1832
1805
1833
1829
1818
1792
1823
1830
1781
1798
1828
1804
1808
1822
1818
1798
1808
1806
1807
1837
1791
1809
1832
1838
1846
1837
1856
1839
1855
1856
1866
1877
1872
1867
1863
1867
1872
1894
1922
1905
1915
1925
1949
1928
1912
1956
1953
1918
1934
1942
1924
1928
1943
1934
1933
1945
1919
1952
1939
1917
1907
1884
1901
1906
1899
1892
1877
1880
1878
1875
1879
1877
1871
1870
1856
1836
1824
1827
1812
1781
1807
1828
1821
1780
1818
1806
1817
1816
1828
1805
1806
1808
1800
1801
1797
1828
1819
1834
1836
1838
1838
1844
1847
1854
1865
1867
1867
1866
1863
1873
1869
1884
1905
1929
1903
1920
1952
1944
1916
1912
1970
1930
1921
1943
1927
1910
1945
1931
1939
1946
1941
1925
1958
1911
1913
1902
1906
1893
1902
1892
1892
1877
1876
1873
1880
1876
1877
1873
1862
1840
1808
1832
1830
1808
1796
1823
1835
1777
1813
1821
1799
1810
1833
1804
1796
1806
1811
1802
1840
1787
1811
1841
1842
1846
1840
1848
1845
1845
1861
1864
1871
1864
1860
1855
1863
1865
1898
1926
1922
1912
1933
1951
1922
1912
1957
1943
1915
1935
1935
1919
1929
1952
1932
1936
1943
1908
1998
1936
1919
1905
1897
1914
1896
1897
1893
1876
1877
1877
1873
1874
1870
1876
1868
1850
1819
1826
1833
1809
1788
1815
1831
1796
1787
1827
1807
1800
1815
1821
1798
1804
1818
1805
1813
1790
1806
1826
1835
1839
1842
1838
1845
1845
1865
1861
1870
1865
1865
1867
1872
1899
1888
1901
1923
1904
1924
1959
1933
1909
1922
1964
1924
1928
1942
1930
1912
1941
1945
1935
1945
1935
1934
1944
1920
1911
1903
1906
1903
1892
1886
1889
1878
1872
1874
1858
1877
1872
1870
1859
1843
1809
1838
1817
1791
1807
1827
1840
1775
1809
1820
1801
1810
1829
1802
1799
1810
1807
1806
1827
1796
1821
1829
1849
1837
1839
1833
1848
1845
1868
1868
1869
1863
1867
1863
1868
1876
1898
1936
1915
1901
1937
1961
1915
1900
1964
1945
1916
1934
1929
1913
1947
1946
1933
1940
1939
1898
1939
1928
1913
1899
1897
1902
1893
1893
1891
1882
1879
1873
1876
1878
1876
1868
1859
1841
1819
1835
1836
1813
1785
1817
1827
1784
1795
1827
1809
1809
1820
1808
1790
1807
1808
1788
1830
1794
1812
1831
1831
1831
1836
1841
1843
1849
1885
1873
1861
1867
1864
1871
1864
1873
1884
1914
1917
1915
1938
1959
1929
1904
1941
1970
1925
1929
1940
1924
1917
1927
1936
1934
1943
1926
1952
1938
1916
1901
1900
1903
1909
1902
1868
1886
1879
1872
1875
1873
1872
1875
1877
1861
1844
1804
1811
1810
1780
1809
1829
1827
1787
1807
1811
1803
1813
1824
1791
1809
1817
1797
1801
1813
1797
1818
1832
1840
1837
1841
1846
1852
1849
1864
1862
1864
1870
1866
1869
1869
1879
1903
1935
1903
1916
1941
1945
1919
1900
1965
1933
1920
1941
1932
1910
1934
1945
1933
1942
1948
1903
1951
1927
1911
1897
1903
1901
1906
1893
1889
1875
1870
1874
1875
1871
1875
1872
1863
1839
1808
1831
1836
1809
1792
1828
1831
1782
1786
1819
1803
1809
1827
1813
1792
1807
1805
1805
1841
1772
1809
1828
1837
1848
1837
1842
1842
1850
1863
1865
1860
1861
1851
1871
1861
1876
1895
1923
1910
1907
1927
1956
1926
1910
1953
1959
1918
1934
1940
1923
1922
1945
1940
1933
1949
1920
1952
1939
1914
1905
1896
1906
1905
1901
1894
1877
1879
1877
1877
1876
1873
1876
1869
1853
1825
1820
1833
1814
1784
1816
1837
1816
1788
1834
1809
1801
1813
1829
1804
1820
1804
1802
1808
1796
1799
1823
1840
1840
1840
1837
1841
1837
1859
1859
1868
1853
1865
1867
1869
1868
1882
1898
1932
1903
1917
1955
1935
1911
1908
1956
1933
1927
1942
1929
1912
1938
1930
1931
1946
1935
1925
1953
1926
1916
1913
1899
1901
1898
1887
1893
1913
1876
1876
1873
1876
1873
1866
1865
1838
1806
1834
1834
1810
1795
1824
1836
1781
1801
1824
1800
1812
1830
1807
1790
1806
1811
1806
1872
1790
1814
1823
1843
1845
1835
1833
1849
1845
1862
1860
1863
1862
1869
1867
1872
1875
1902
1940
1926
1905
1921
1955
1915
1914
1969
1943
1925
1936
1935
1917
1924
1952
1935
1934
1942
1906
1983
1936
1926
1906
1891
1904
1902
1903
1893
1880
1879
1881
1872
1869
1875
1873
1869
1850
1818
1821
1835
1823
1792
1819
1831
1795
1789
1821
1812
1802
1817
1825
1798
1804
1805
1803
1819
1791
1803
1823
1837
1845
1846
1824
1841
1848
1870
1863
1864
1865
1866
1858
1870
1873
1881
1904
1930
1906
1923
1960
1932
1941
1925
1961
1915
1927
1919
1925
1913
1954
1940
1934
1930
1934
1938
1942
1917
1908
1901
1901
1903
1896
1892
1880
1881
1874
1881
1878
1870
1863
1872
1865
1848
1832
1846
1807
1787
1801
1829
1837
1780
1803
1815
1798
1808
1832
1802
1802
1812
1807
1803
1828
1791
1819
1827
1844
1839
1845
1834
1858
1847
1867
1859
1865
1857
1867
1866
1870
1859
1907
1934
1911
1910
1934
1946
1911
1906
1962
1938
1915
1941
1931
1913
1936
1945
1932
1935
1940
1894
1951
1927
1918
1901
1897
1904
1902
1897
1895
1878
1877
1872
1892
1874
1875
1873
1864
1845
1816
1827
1839
1809
1791
1824
1830
1782
1796
1821
1808
1802
1821
1819
1797
1813
1808
1805
1829
1792
1803
1829
1833
1848
1838
1846
1847
1840
1844
1861
1859
1868
1869
1861
1871
1873
1889
1917
1919
1906
1926
1956
1924
1908
1942
1958
1919
1929
1937
1925
1923
1945
1941
1932
1949
1933
1948
1940
1910
1904
1910
1901
1908
1907
1894
1880
1880
1875
1877
1873
1876
1872
1867
1855
1836
1814
1841
1822
1786
1810
1819
1827
1778
1812
1807
1807
1823
1837
1805
1804
1809
1798
1805
1808
1781
1820
1831
1843
1840
1837
1843
1848
1851
1865
1865
1869
1865
1865
1868
1865
1881
1901
1933
1904
1916
1940
1938
1915
1901
1974
1936
1922
1941
1903
1908
1936
1940
1929
1929
1940
1917
1954
1930
1906
1894
1905
1900
1898
1890
1900
1877
1875
1877
1880
1877
1874
1871
1865
1836
1809
1836
1838
1811
1788
1826
1836
1782
1800
1821
1800
1807
1825
1812
1796
1808
1797
1806
1839
1789
1807
1822
1834
1846
1840
1843
1846
1847
1858
1865
1865
1865
1866
1870
1877
1885
1904
1932
1912
1903
1926
1955
1905
1917
1953
1949
1923
1931
1931
1921
1927
1942
1935
1937
1942
1920
1952
1940
1914
1906
1899
1910
1906
1899
1869
1878
1878
1879
1873
1861
1876
1873
1866
1855
1823
1817
1841
1817
1788
1816
1829
1809
1781
1825
1809
1800
1821
1820
1799
1801
1809
1798
1798
1794
1807
1810
1830
1844
1841
1840
1846
1851
1861
1859
1865
1862
1872
1865
1869
1868
1871
1901
1936
1899
1917
1961
1933
1916
1908
1965
1932
1928
1940
1927
1911
1946
1926
1933
1947
1938
1930
1944
1921
1909
1899
1899
1897
1902
1897
1893
1882
1877
1878
1870
1866
1870
1872
1861
1843
1817
1842
1823
1797
1805
1829
1837
1779
1804
1824
1798
1809
1832
1806
1790
1808
1810
1805
1837
1793
1828
1828
1841
1841
1841
1836
1853
1852
1865
1863
1867
1868
1870
1866
1872
1880
1926
1931
1907
1901
1928
1957
1917
1913
1961
1948
1922
1930
1924
1919
1930
1945
1941
1934
1955
1905
1951
1937
1917
1901
1894
1904
1895
1898
1889
1884
1870
1878
1872
1875
1875
1875
1869
1852
1818
1819
1836
1808
1789
1821
1829
1794
1788
1823
1806
1802
1819
1821
1801
1803
1805
1801
1817
1787
1807
1828
1844
1847
1833
1837
1852
1865
1863
1858
1862
1868
1872
1859
1860
1870
1885
1911
1928
1902
1921
1957
1931
1909
1919
1960
1927
1933
1940
1927
1909
1911
1942
1937
1944
1937
1940
1937
1919
1911
1904
1906
1906
1901
1889
1884
1881
1881
1884
1878
1878
1874
1855
1862
1842
1806
1844
1828
1801
1807
1825
1836
1777
1811
1816
1800
1809
1847
1795
1803
1808
1802
1807
1824
1794
1819
1829
1845
1845
1845
1837
1857
1855
1865
1860
1868
1869
1912
1869
1870
1875
1917
1935
1910
1912
1933
1945
1913
1905
1956
1941
1921
1941
1932
1912
1933
1946
1932
1939
1942
1901
1948
1933
1923
1900
1909
1898
1899
1894
1898
1877
1875
1877
1871
1879
1877
1871
1863
1839
1792
1829
1832
1819
1785
1823
1826
1785
1797
1828
1805
1806
1821
1808
1794
1809
1809
1800
1836
1792
1801
1825
1838
1846
1840
1843
1837
1851
1862
1864
1852
1865
1866
1872
1872
1880
1909
1928
1921
1904
1926
1956
1915
1927
1949
1955
1913
1932
1945
1923
1916
1946
1940
1935
1943
1930
1952
1940
1912
1891
1898
1904
1909
1901
1897
1873
1881
1879
1880
1878
1873
1876
1869
1860
1840
1815
1835
1825
1786
1814
1831
1819
1782
1810
1815
1801
1817
1828
1807
1804
1799
1808
1816
1806
1796
1821
1829
1820
1846
1837
1843
1853
1861
1869
1866
1866
1866
1866
1866
1869
1882
1896
1932
1904
1881
1953
1941
1911
1905
1965
1930
1917
1942
1930
1913
1938
1939
1929
1933
1939
1920
1953
1924
1917
1896
1898
1903
1903
1887
1897
1875
1881
1917
1881
1875
1871
1871
1866
1830
1802
1831
1833
1806
1794
1828
1832
1779
1800
1813
1804
1809
1825
1808
1796
1811
1803
1800
1841
1791
1816
1824
1833
1845
1839
1833
1846
1852
1862
1868
1863
1870
1865
1868
1871
1876
1901
1929
1912
1904
1927
1958
1916
1912
1958
1954
1921
1927
1941
1921
1927
1945
1937
1935
1933
1918
1949
1937
1920
1908
1902
1902
1899
1899
1934
1881
1877
1877
1880
1876
1876
1877
1869
1849
1832
1843
1836
1817
1788
1821
1834
1802
1783
1822
1811
1802
1820
1818
1799
1803
1807
1804
1804
1793
1801
1822
1836
1844
1846
1840
1844
1860
1865
1861
1870
1860
1852
1871
1874
1867
1882
1905
1933
1895
1918
1953
1931
1910
1947
1964
1927
1925
1941
1928
1913
1949
1937
1931
1942
1937
1927
1945
1921
1911
1894
1906
1898
1902
1887
1889
1879
1881
1879
1873
1873
1873
1869
1860
1842
1810
1838
1832
1797
1806
1832
1847
1775
1811
1822
1802
1811
1847
1796
1796
